polyline=true
1	0	0.3
1	0.001	0.296
1	0.002	0.293
1	0.003	0.29
1	0.01	0.279509078
1	0.015	0.27691578
1	0.02	0.274419877
1	0.025	0.272018411
1	0.03	0.269708483
1	0.035	0.267487254
1	0.04	0.265351945
1	0.045	0.263299833
1	0.05	0.261328254
1	0.055	0.2594346
1	0.06	0.25761632
1	0.065	0.255870916
1	0.07	0.254195946
1	0.075	0.252589023
1	0.08	0.25104781
1	0.085	0.249570026
1	0.09	0.248153438
1	0.095	0.246795868
1	0.1	0.245495184
1	0.105	0.244249309
1	0.11	0.243056209
1	0.115	0.241913904
1	0.12	0.240820458
1	0.125	0.239773983
1	0.13	0.238772637
1	0.135	0.237814626
1	0.14	0.236898198
1	0.145	0.236021647
1	0.15	0.23518331
1	0.155	0.234381569
1	0.16	0.233614845
1	0.165	0.232881606
1	0.17	0.232180355
1	0.175	0.231509642
1	0.18	0.230868052
1	0.185	0.230254212
1	0.19	0.229666787
1	0.195	0.229104481
1	0.2	0.228566035
1	0.205	0.228050227
1	0.21	0.227555871
1	0.215	0.227081817
1	0.22	0.226626952
1	0.225	0.226190195
1	0.23	0.225770501
1	0.235	0.225366858
1	0.24	0.224978286
1	0.245	0.224603839
1	0.25	0.224242603
1	0.255	0.223893692
1	0.26	0.223556256
1	0.265	0.223229471
1	0.27	0.222912544
1	0.275	0.222604711
1	0.28	0.222305238
1	0.285	0.222013417
1	0.29	0.221728568
1	0.295	0.221450039
1	0.3	0.221177205
1	0.305	0.220909464
1	0.31	0.220646243
1	0.315	0.220386992
1	0.32	0.220131185
1	0.325	0.219878322
1	0.33	0.219627926
1	0.335	0.219379541
1	0.34	0.219132737
1	0.345	0.218887102
1	0.35	0.218642248
1	0.355	0.218397809
1	0.36	0.218153438
1	0.365	0.217908808
1	0.37	0.217663613
1	0.375	0.217417565
1	0.38	0.217170396
1	0.385	0.216921856
1	0.39	0.216671712
1	0.395	0.21641975
1	0.4	0.216165773
1	0.405	0.215909599
1	0.41	0.215651063
1	0.415	0.215390017
1	0.42	0.215126327
1	0.425	0.214859875
1	0.43	0.214590556
1	0.435	0.214318281
1	0.44	0.214042974
1	0.445	0.213764572
1	0.45	0.213483025
1	0.455	0.213198297
1	0.46	0.212910361
1	0.465	0.212619206
1	0.47	0.21232483
1	0.475	0.212027242
1	0.48	0.211726462
1	0.485	0.211422522
1	0.49	0.211115461
1	0.495	0.210805329
1	0.5	0.210492188
1	0.505	0.210176104
1	0.51	0.209857155
1	0.515	0.209535426
1	0.52	0.209211012
1	0.525	0.208884012
1	0.53	0.208554535
1	0.535	0.208222696
1	0.54	0.207888618
1	0.545	0.207552428
1	0.55	0.20721426
1	0.555	0.206874256
1	0.56	0.206532559
1	0.565	0.206189322
1	0.57	0.205844698
1	0.575	0.205498849
1	0.58	0.205151938
1	0.585	0.204804134
1	0.59	0.204455609
1	0.595	0.204106539
1	0.6	0.203757101
1	0.605	0.203407478
1	0.61	0.203057853
1	0.615	0.202708415
1	0.62	0.20235935
1	0.625	0.202010851
1	0.63	0.201663109
1	0.635	0.201316319
1	0.64	0.200970676
1	0.645	0.200626375
1	0.65	0.200283614
1	0.655	0.19994259
1	0.66	0.1996035
1	0.665	0.199266543
1	0.67	0.198931917
1	0.675	0.198599818
1	0.68	0.198270443
1	0.685	0.197943989
1	0.69	0.197620652
1	0.695	0.197300625
1	0.7	0.196984101
1	0.705	0.196671272
1	0.71	0.196362328
1	0.715	0.196057457
1	0.72	0.195756845
1	0.725	0.195460676
1	0.73	0.195169133
1	0.735	0.194882394
1	0.74	0.194600636
1	0.745	0.194324034
1	0.75	0.194052759
1	0.755	0.193786978
1	0.76	0.193526858
1	0.765	0.19327256
1	0.77	0.193024242
1	0.775	0.192782059
1	0.78	0.192546163
1	0.785	0.192316701
1	0.79	0.192093817
1	0.795	0.191877651
1	0.8	0.191668339
1	0.805	0.191466012
1	0.81	0.191270798
1	0.815	0.191082819
1	0.82	0.190902194
1	0.825	0.190729038
1	0.83	0.19056346
1	0.835	0.190405565
1	0.84	0.190255453
1	0.845	0.19011322
1	0.85	0.189978957
1	0.855	0.189852749
1	0.86	0.189734677
1	0.865	0.189624817
1	0.87	0.189523241
1	0.875	0.189430013
1	0.88	0.189345195
1	0.885	0.189268842
1	0.89	0.189201006
1	0.895	0.18914173
1	0.9	0.189091056
1	0.905	0.189049019
1	0.91	0.189015648
1	0.915	0.188990968
1	0.92	0.188974998
1	0.925	0.188967753
1	0.93	0.188969241
1	0.935	0.188979467
1	0.94	0.188998429
1	0.945	0.189026121
1	0.95	0.189062531
1	0.955	0.189107643
1	0.96	0.189161434
1	0.965	0.189223879
1	0.97	0.189294944
1	0.975	0.189374595
1	0.98	0.189462789
1	0.985	0.18955948
1	0.99	0.189664617
1	0.995	0.189778144
1	1	0.1899
1	1.005	0.190030121
1	1.01	0.190168437
1	1.015	0.190314875
1	1.02	0.190469355
1	1.025	0.190631796
1	1.03	0.190802111
1	1.035	0.190980208
1	1.04	0.191165994
1	1.045	0.19135937
1	1.05	0.191560234
1	1.055	0.191768479
1	1.06	0.191983997
1	1.065	0.192206674
1	1.07	0.192436394
1	1.075	0.192673038
1	1.08	0.192916484
1	1.085	0.193166607
1	1.09	0.193423278
1	1.095	0.193686368
1	1.1	0.193955742
1	1.105	0.194231267
1	1.11	0.194512805
1	1.115	0.194800216
1	1.12	0.195093359
1	1.125	0.195392092
1	1.13	0.19569627
1	1.135	0.196005748
1	1.14	0.196320379
1	1.145	0.196640016
1	1.15	0.19696451
1	1.155	0.197293713
1	1.16	0.197627476
1	1.165	0.197965649
1	1.17	0.198308083
1	1.175	0.19865463
1	1.18	0.199005141
1	1.185	0.199359469
1	1.19	0.199717466
1	1.195	0.200078989
1	1.2	0.200443891
1	1.205	0.200812032
1	1.21	0.20118327
1	1.215	0.201557468
1	1.22	0.201934489
1	1.225	0.2023142
1	1.23	0.202696471
1	1.235	0.203081174
1	1.24	0.203468185
1	1.245	0.203857385
1	1.25	0.204248657
1	1.255	0.20464189
1	1.26	0.205036975
1	1.265	0.20543381
1	1.27	0.205832299
1	1.275	0.206232348
1	1.28	0.206633871
1	1.285	0.207036789
1	1.29	0.207441027
1	1.295	0.207846517
1	1.3	0.208253199
1	1.305	0.20866102
1	1.31	0.209069934
1	1.315	0.209479903
1	1.32	0.209890898
1	1.325	0.210302898
1	1.33	0.210715891
1	1.335	0.211129874
1	1.34	0.211544854
1	1.345	0.211960848
1	1.35	0.212377883
1	1.355	0.212795996
1	1.36	0.213215237
1	1.365	0.213635666
1	1.37	0.214057355
1	1.375	0.214480388
1	1.38	0.214904862
1	1.385	0.215330887
1	1.39	0.215758585
1	1.395	0.216188094
1	1.4	0.216619565
1	1.405	0.217053162
1	1.41	0.217489066
1	1.415	0.217927473
1	1.42	0.218368595
1	1.425	0.218812658
1	1.43	0.219259907
1	1.435	0.219710604
1	1.44	0.220165027
1	1.445	0.220623472
1	1.45	0.221086255
1	1.455	0.221553709
1	1.46	0.222026187
1	1.465	0.222504061
1	1.47	0.222987726
1	1.475	0.223477593
1	1.48	0.223974097
1	1.485	0.224477694
1	1.49	0.224988863
1	1.495	0.225508103
1	1.5	0.226035938
1	1.505	0.226572914
1	1.51	0.227119603
1	1.515	0.227676599
1	1.52	0.228244524
1	1.525	0.228824021
1	1.53	0.229415764
1	1.535	0.230020449
1	1.54	0.230638803
1	1.545	0.231271576
1	1.55	0.23191955
1	1.555	0.232583533
1	1.56	0.233264364
1	1.565	0.23396291
1	1.57	0.23468007
1	1.575	0.23541677
1	1.58	0.236173972
1	1.585	0.236952666
1	1.59	0.237753877
1	1.595	0.238578661
1	1.6	0.239428109
1	1.605	0.240303344
1	1.61	0.241205526
1	1.615	0.242135848
1	1.62	0.24309554
1	1.625	0.244085869
1	1.63	0.245108138
1	1.635	0.246163687
1	1.64	0.247253895
1	1.645	0.24838018
1	1.65	0.249543998